32 490
0 0 0.5350818982822713
0 1 0.9634343756124698
0 2 0.39792876216910134
0 3 0.9783500506748243
0 5 0.22192231527379913
0 7 0.12382399733871596
0 9 0.12655470204714114
0 10 0.11409547764929295
0 11 0.8333082475456906
0 13 0.697216342694562
0 14 0.7518264767605577
0 15 0.6193469035839145
0 17 0.7944031947796701
0 18 0.7980933108026852
0 20 0.9417143260508656
0 21 0.08569032869906423
0 24 0.10989879122182178
0 26 0.01382848252120017
0 30 0.9086660447574896
1 3 0.4554177328521617
1 5 0.23163097953409706
1 6 0.6923416059746944
1 8 0.7941103853554862
1 12 0.027557798909141118
1 14 0.5189084253643095
1 15 0.8289068362208047
1 17 0.8028420141172534
1 21 0.35697558677722785
1 22 0.19266523432318627
1 24 0.5581362708851713
1 25 0.5170587349935707
1 27 0.4348723728309192
1 29 0.9548934594623182
2 1 0.11995109544366311
2 5 0.12351577926775459
2 6 0.615070079948594
2 8 0.6895162607635467
2 11 0.7504692482421423
2 12 0.6365221829284691
2 13 0.04815600961277644
2 14 0.42318757475933255
2 16 0.8201088772729106
2 17 0.35774639536440545
2 18 0.44272044257649745
2 19 0.5117311506347545
2 20 0.7541738394859598
2 24 0.08075510368224836
2 25 0.3584445291774552
2 27 0.419751616665042
2 28 0.8539304321298933
2 29 0.4499021960806403
2 31 0.9613204492405332
3 0 0.026103432147012384
3 2 0.7881647074211324
3 6 0.10193021592017182
3 9 0.3553483074752425
3 11 0.8775870188154626
3 12 0.9472597279626401
3 19 0.5646882931344763
3 20 0.30677846413943144
3 28 0.9787736887037808
3 30 0.5918541517517781
4 2 0.8335299400367553
4 4 0.9477146855349512
4 5 0.9844869565290673
4 8 0.7569910832607621
4 11 0.5409964720653244
4 12 0.03982699071045026
4 13 0.9346530542364166
4 16 0.22904399009383414
4 18 0.620695626655703
4 22 0.2175008762960774
4 27 0.6937139186712765
4 28 0.236998060187132
4 30 0.29291859496772854
4 31 0.7791883954371736
5 0 0.34761513841954106
5 6 0.8340400957704021
5 7 0.9502224270416322
5 9 0.27785462886840306
5 11 0.8244278017698283
5 12 0.9894948226643828
5 14 0.9788307691021715
5 15 0.09135229663392685
5 16 0.784914929233717
5 17 0.4158019310270805
5 19 0.2742581169762571
5 20 0.14589698130905226
5 22 0.42581193371877024
5 24 0.16616114836796536
5 25 0.46312202445648065
5 26 0.6996640686896825
5 27 0.8832579972254625
5 28 0.8790667930615453
5 29 0.46187962503290525
5 30 0.41566570618945275
5 31 0.05709412726005425
6 1 0.3200406087876779
6 4 0.2141300600791135
6 9 0.4286643192567281
6 10 0.2980916058310177
6 11 0.49201477771996893
6 14 0.6194566321903354
6 15 0.4818577278189142
6 16 0.830851697024335
6 18 0.3079520460012761
6 20 0.7270131515604603
6 24 0.17195182118054753
6 25 0.07872435354082641
6 29 0.1276973723374425
6 31 0.6358171884845183
7 3 0.3154058069464406
7 6 0.5059480051537689
7 7 0.388700284765922
7 8 0.19296279075059308
7 9 0.03272290615367324
7 10 0.7301179356575513
7 15 0.976395756872434
7 16 0.5819748804859917
7 17 0.13168706475292324
7 24 0.01944546771316391
7 25 0.6130880083841561
7 28 0.6503076233970024
7 29 0.5193926176208493
8 3 0.8158980651227369
8 6 0.12304062168715912
8 7 0.9705538962720417
8 8 0.14743504333337687
8 9 0.11240567737675333
8 10 0.18809607028917608
8 14 0.719546821729456
8 15 0.38619069775296866
8 16 0.2369580292461766
8 17 0.4591228019215151
8 18 0.5367727237237089
8 21 0.054049403201426705
8 22 0.5690677658376689
8 24 0.9695319376342298
8 28 0.5806181217881553
8 29 0.9914882028511823
9 0 0.4709527116709191
9 1 0.9700151421688515
9 2 0.07086675953521127
9 6 0.08351248407429124
9 7 0.33164817216744236
9 8 0.24281391603543556
9 10 0.6748912138810691
9 11 0.4284699009828743
9 12 0.5694838823181876
9 22 0.18623852011451603
9 23 0.4681971183964324
9 25 0.39097977100648584
9 26 0.5105118488242116
9 27 0.015132691406862797
9 28 0.8504390085467691
9 30 0.06822656500868096
9 31 0.1354593775914963
10 2 0.6055959788984275
10 4 0.7286728852411914
10 10 0.8443497420539252
10 11 0.48188714078006467
10 12 0.7075578510047963
10 13 0.8087259673457184
10 16 0.4047444739149739
10 17 0.39476802322468707
10 18 0.043725061913444385
10 20 0.7829421979378509
10 23 0.4974235048368443
10 25 0.5686121663945495
10 26 0.13231187890034024
10 29 0.03073323802829009
10 31 0.8964602900900047
11 2 0.5537545604101863
11 4 0.592667043273073
11 5 0.7710003733255556
11 6 0.6698715846562201
11 9 0.45440706064919445
11 10 0.5761803181301945
11 11 0.8955841215667322
11 12 0.21258254693487966
11 13 0.07445453244583977
11 16 0.2717389072850034
11 20 0.5338748100391147
11 23 0.4361217860927964
11 24 0.9317847051168988
11 29 0.33756541819265184
12 1 0.2956750101272805
12 2 0.17739918457054393
12 4 0.5040452033523362
12 7 0.7220185381291934
12 8 0.6547384463301053
12 9 0.2390088976029987
12 12 0.31560753307497047
12 14 0.441940569921349
12 21 0.3273492151374544
12 22 0.6204917628347938
12 27 0.15945269024900377
12 28 0.4753042634518809
12 29 0.6655875419367067
12 31 0.13381704406335104
13 1 0.375544554379301
13 2 0.0539008136234862
13 3 0.5585410769544833
13 4 0.24675114400950493
13 5 0.42128665119918507
13 9 0.8022481102274827
13 11 0.47886055993556176
13 12 0.940432630900815
13 14 0.05233510326979263
13 21 0.8507603395660117
13 22 0.3277910051692119
13 24 0.6991204898737602
13 26 0.3923463543035314
13 27 0.4505870070714163
13 30 0.10650551247747386
13 31 0.5041426091082027
14 1 0.9763530175483613
14 2 0.010807741718578123
14 4 0.8127985783507371
14 5 0.5611397754455911
14 7 0.9420801364116598
14 12 0.7394070572767182
14 13 0.044943413702224766
14 15 0.9633138104648942
14 22 0.3291085089372363
14 23 0.8211491639141965
14 25 0.44042304059441584
14 26 0.03660640732326126
14 29 0.6780086688132638
14 31 0.38835338428765986
15 0 0.9421732122259382
15 2 0.5342185717988147
15 3 0.46895284225360745
15 5 0.2549909258515103
15 8 0.9585839288348046
15 10 0.5192834054239646
15 11 0.37878547441509447
15 13 0.44746970783772555
15 16 0.2889814050582481
15 17 0.45736243744718785
15 21 0.10880315424056786
15 22 0.14232130574413793
15 25 0.35501177859842026
15 26 0.017583184981382893
15 30 0.22054081876165044
16 0 0.22657137842143038
16 4 0.8609151093003724
16 11 0.5352107747568221
16 12 0.31714956451031595
16 13 0.021929157411152977
16 14 0.536989117011759
16 15 0.0016998028130060794
16 16 0.7385949637106347
16 29 0.6576767309597199
17 1 0.4298329041014094
17 3 0.8045906913521259
17 5 0.09919498101228941
17 7 0.006865125526105298
17 10 0.6300380160438293
17 13 0.798930178362062
17 14 0.3851179494281508
17 15 0.41224234918266933
17 17 0.10356698681089371
17 18 0.8253848780542834
17 19 0.6452946480683335
17 24 0.5638276383379834
17 25 0.18924951256578082
17 27 0.4270292074105817
17 28 0.03816779276391524
17 31 0.6059684473382606
18 0 0.02412855451248397
18 1 0.6702313806593131
18 2 0.37330830958413186
18 9 0.15387730485986184
18 11 0.07473910587729249
18 13 0.19037435190644159
18 14 0.5761445367250968
18 15 0.9628070189295126
18 19 0.1924884528805395
18 20 0.848758769524468
18 22 0.29220029907308653
18 27 0.8882306699003466
18 29 0.7704103521714516
18 30 0.4295125979858443
19 2 0.1361012084362404
19 3 0.5593244243779955
19 10 0.7498035124413074
19 15 0.08207991271887038
19 17 0.7138420667734231
19 20 0.2240184009481384
19 21 0.5601578627993319
19 24 0.06631659793629241
19 28 0.46198744084854715
19 30 0.7905447211555419
19 31 0.5603136891514368
20 2 0.37397922959102503
20 3 0.3957959769563011
20 4 0.6727155578706294
20 6 0.7585918847443531
20 7 0.11544983564016842
20 8 0.6604810682631798
20 9 0.3584580184088303
20 10 0.02424058281773256
20 11 0.08006000601061702
20 14 0.1772688655726511
20 15 0.20072808401245568
20 17 0.09993280815549743
20 25 0.3174098556355798
20 26 0.9875297877782797
20 31 0.3889571262337739
21 4 0.34538680334656535
21 7 0.7609736571440153
21 11 0.39131426456659546
21 14 0.572782522091796
21 17 0.5090262986231113
21 20 0.8986428357532711
21 22 0.1487932732514704
21 23 0.8440370222232564
21 24 0.0006167623784909537
21 25 0.8110679788230508
21 27 0.7035962504781776
22 1 0.9781641003043577
22 3 0.03233222139933867
22 4 0.05002030130930335
22 5 0.6159708464204264
22 6 0.5962479895100649
22 7 0.9230987525247248
22 10 0.5816678192109282
22 12 0.6767799993100423
22 13 0.08545370222638193
22 15 0.6253153646810669
22 17 0.010286333553783611
22 19 0.9676526554920448
22 20 0.5949805590653117
22 22 0.9238767428959045
22 23 0.3276318039150171
22 24 0.27541502088754544
22 25 0.21847080688840292
23 3 0.7984785478525294
23 8 0.17018863391275085
23 11 0.8287142254481168
23 12 0.3844513450639344
23 15 0.9938628646961194
23 17 0.40903159347584195
23 18 0.15609767955559828
23 20 0.897374716389582
23 21 0.6043778600679134
23 22 0.4841873437689401
23 28 0.4823389077703786
23 31 0.37746583673177414
24 1 0.7973822775648671
24 2 0.27971287729799554
24 4 0.6311079673016106
24 5 0.20949997617741967
24 8 0.31521997960236003
24 12 0.8740577094646078
24 15 0.09505022474151159
24 18 0.9716800784896533
24 20 0.6577509972941473
24 21 0.03529234424536032
24 25 0.8749110877833657
24 27 0.9342814435358244
24 28 0.21919422668200805
24 31 0.4803914211013035
25 0 0.1938047132479861
25 2 0.813101314166461
25 3 0.14315369774067288
25 4 0.8981452625321764
25 5 0.9501028090842055
25 7 0.48898087315032845
25 9 0.3358905240695297
25 12 0.7887560601800204
25 13 0.4423546398673034
25 17 0.2739420779575107
25 21 0.30271144704857933
25 22 0.6611437736284411
25 23 0.6341245662638942
25 26 0.32356141921317516
25 27 0.04554859571328951
25 28 0.015253925825915449
25 30 0.18915730065370295
26 0 0.6318303749296691
26 1 0.21793432022351222
26 2 0.638636150627143
26 3 0.0631072970501555
26 5 0.9841663547587967
26 6 0.2140306885073322
26 9 0.7940126214394181
26 13 0.7181341001776463
26 14 0.6039388745597551
26 17 0.7870248736588623
26 19 0.5064646913029293
26 20 0.9702523211181178
26 22 0.2713639625751213
26 24 0.1980880868509729
26 25 0.07077548909864229
26 26 0.12015773998216428
26 27 0.40025918983035447
26 29 0.8706882110108111
26 30 0.5432012545279944
26 31 0.9004216901465414
27 1 0.5180443279492147
27 5 0.4102972233727563
27 7 0.03799257665615818
27 8 0.6167490895750285
27 9 0.8432064500041703
27 12 0.2839885405183059
27 14 0.31911536758797876
27 17 0.5027166879299594
27 19 0.4420510448619339
27 21 0.8359710829136601
27 22 0.5735684201930475
27 23 0.7447372800320337
27 25 0.21422305983187429
27 26 0.45880576752961033
27 28 0.28452713987799527
27 29 0.41352624489808243
27 30 0.24950722034641692
28 0 0.092596932111633
28 1 0.3921495747304393
28 2 0.9498349140617942
28 3 0.5128264896459603
28 4 0.32929624224368015
28 6 0.36136096593460176
28 7 0.6384591733658185
28 8 0.9620139828724401
28 9 0.9981247844227936
28 10 0.12933100686722354
28 11 0.502066315299911
28 12 0.044185699653758403
28 13 0.874262081387551
28 15 0.6240300196787105
28 17 0.5012723938696895
28 18 0.5553586475637771
28 20 0.37387113194951604
28 21 0.5571633953463176
28 24 0.503794339009911
28 26 0.22665284551060416
29 1 0.38115569739721333
29 2 0.44033619108280464
29 4 0.27360695597411244
29 6 0.7842454368681504
29 7 0.6382550418233257
29 10 0.27088474517545735
29 11 0.7801569690119499
29 13 0.6698855087768748
29 14 0.5163552835108435
29 15 0.47338565524716336
29 16 0.7079507185592369
29 21 0.08105572916669113
29 22 0.29140606328148433
29 28 0.20145038485481892
29 29 0.8771932970551702
29 30 0.7692169527552171
30 0 0.5731801759226676
30 2 0.09571839404046578
30 4 0.9188167133146394
30 5 0.12262068910127455
30 6 0.778368059829047
30 8 0.5572056225991603
30 9 0.38578548838666415
30 10 0.7711925095064952
30 11 0.10078886782532037
30 12 0.352434677916455
30 14 0.3237918675216328
30 16 0.0030933284688601237
30 18 0.2237913287658545
30 19 0.13380495030362083
30 20 0.4954923464635991
30 22 0.6761933212073927
30 23 0.792507629459042
30 26 0.5896739592342458
30 28 0.8296366115834132
30 31 0.31337204015731146
31 1 0.6198349214773066
31 3 0.2414732823929534
31 5 0.6533636430115272
31 8 0.6534037265448238
31 10 0.868817895427007
31 11 0.20692141584057266
31 12 0.3882752693804611
31 13 0.9651807167870632
31 15 0.8080250259942242
31 16 0.8528841533046273
31 18 0.2799628886016742
31 19 0.04418183267010245
31 22 0.062330062831238875
31 26 0.7578952337444887
31 29 0.7859695423244668
31 31 0.08994906342391173
